15327436
2867509
4256573
4388590
185455
11266335
11598756
3006934
2205518
421031
1857884
5518051
10990193
12818420
6985284
8479732
9491703
2139676
14728022
7919914
9244240
1033024
13958116
2560173
14036402
558794
7748814
1806784
12560765
8452616
13975550
8640427
14025646
12735111
11277304
1898032
12190181
14436913
16028258
8203207
2975551
1233657
9222898
327481
638021
13287984
10538254
276459
12086331
6687254
13016589
5449649
12416919
1038411
2029249
14082031
3999723
5519056
4269433
3958653
7086697
5109016
4818047
10064117
12505640
16062573
6736978
1652440
10529422
12314718
16691148
11094619
7482316
15990372
2931343
15271880
15404782
477459
242382
3857853
1373186
15762498
6228686
2887935
4225763
15379093
16656152
3353129
7605664
10607204
5146737
254717
2302451
7154384
6627170
1707011
8355099
4271633
9782802
10161593
7475787
13837949
11132886
6086825
8183616
13706445
3731397
1317535
12395476
8641063
10245186
11915867
7430202
6975574
2633765
16010291
1149243
5857308
7048929
5023369
7287317
13779515
11526821
10285597
13785036
4052223
2799098
7634422
8440139
13817711
5447979
5025264
14391935
12809761
10539529
11262933
2874751
16545234
16023136
15254138
2241544
14173772
6941120
7167576
873474
395021
7664071
10056924
7533395
16527153
7849096
252112
15847734
9960891
1973755
6792267
10210619
2010914
6850508
7075031
14726521
2646846
11513138
3345075
13839848
13560899
2698944
10364322
14598563
4836923
3572576
16127502
13943711
9863139
12818412
4034039
1476292
3052309
555277
5240773
2819180
16152095
8228646
14909154
12131376
2605414
2110797
12412118
2555770
3463047
10212940
12675747
8085119
6320862
299235
14978836
13945471
236523
12302950
1215735
11743636
12292451
5222391
6364500
10881806
16522999
13450873
7413556
5826385
4230137
3126128
4675009
15186732
4724952
5722307
12104783
14091279
9859915
15435364
12602165
5396494
11318915
318106
3427928
4989292
16164929
16637845
5483481
10234192
7845600
575149
9102449
2992039
3582114
16061059
9882840
16006788
7039855
5526754
13395408
8682751
13211409
15974151
2735223
6955133
9512099
3423885
3525602
14590552
7069033
6738420
9339225
11797290
16378776
7358779
3572481
12319651
3914204
957626
10238782
13075545
3765331
12054990
6837993
15809083
8693950
8588685
12031743
5092170
847155
11130150
10298721
9832130
14642791
13518079
15594796
12860521
12237253
8808214
5037864
4661161
13698595
13035928
7520244
6759429
9519266
4940760
16176319
5122290
1305742
8301915
8567493
15891045
4177291
10892227
16183816
16736594
6364497
2325698
2855771
9167645
4227679
16659590
5005658
14768202
16297386
6210074
9087379
6858995
15481649
9209488
11342852
9312337
16723624
7474126
8970438
10905399
10330885
5871863
2810842
2228145
9892750
15939475
15620868
12325096
958606
14236036
16082635
14858800
14350906
7079921
15481841
1658250
4520810
11168318
16327448
4224286
14451990
11779370
15203991
5161718
6931502
15509769
14653491
11042541
5142371
7269877
5736171
12907287
4006615
11841978
886216
15010525
15742552
10383370
845164
4117467
6981843
15011396
15597586
7194866
12006151
14656518
1491079
11351881
9911635
15926340
10434032
14051770
1725026
10414991
12748069
14317824
12903435
15899301
9130716
2424070
7416415
1209412
14277928
15382038
11204619
8424858
4103230
10773046
818328
12572019
7567387
8000407
11746791
2036394
249646
7387186
3111008
14041605
1044462
3426201
9955790
13650434
3070263
844455
9052073
8733613
13271290
15775789
16424898
14493149
6048796
9621930
6990780
4659149
9071152
2822940
16223650
13724707
13853239
15614041
9306135
16243208
15931299
3358900
5482529
2572814
9768555
16193180
10886006
5090312
178003
2950048
14978417
2125076
3958865
1016220
7014491
4455793
11044210
11892486
14530989
13311931
1428113
11939338
10555413
719474
13630201
6351840
11506384
5883053
3550979
15521499
10871972
14285572
6952664
12084705
13458246
5817785
6011292
8688269
13506411
2396220
16267143
3090370
16208860
14075906
11466943
9040022
7767076
9928902
5138509
8543833
6700842
12534290
4335335
15405078
11032817
8890599
7709442
7276874
332334
4107294
3977043
13590632
1971715
4867617
2970779
2670530
15656761
8705563
5463208
13087661
11550913
4372953
3829833
15916799
8143338
11741947
15920676
15971061
9672666
9650706
2067072
9244695
5987405
4051904
1004897
5741336
3430184
6589097
8573601
4055499
15961827
11913378
1676355
1994973
3967960
2313491
9588648
9728718
9825961
9234954
1906709
6525582
2661062
2455585
5144986
7788624
14874073
14038677
3245145
177306
9366635
9931958
7304961
12454961
14579079
16588514
12920170
5434961
11940694
11468796
1737551
1293753
15738831
14013286
8304746
6849380
16315284
11110148
594018
11165479
9831351
5583871
3857299
2330184
4903678
5452634
4686590
10631680
12184953
15189127
544627
11769601
6343622
5913477
14014353
3748724
5408600
4306202
7485213
10189202
3447875
16592362
12483060
12335533
8044732
1878103
9616096
14534290
16367712
4661264
4122779
4133496
4278954
9334095
11982476
4194320
3990160
4141006
11727059
1274636
3428949
2776674
5485011
9485404
8389574
7429956
13942664
1108064
1362933
3375554
2533075
12832735
12032849
3176505
10198835
534238
4272516
3007453
2166863
4204160
14131464
341699
15403364
5101522
254609
14544747
11411114
2026713
15783346
949953
13217685
6613628
7818210
311891
7555119
7671987
12889892
15520546
5524644
11849229
10725112
15510061
6778543
6486018
16715495
5941613
3435957
575868
3898176
5705366
9538046
11572457
3824615
6129553
10743514
15656327
10687483
14228247
3902570
1160432
6076694
13180276
5023022
10128577
2742184
9467353
9653152
9015547
5629020
7847736
7511504
9381119
10278665
9649122
4292134
8600366
13552346
6342846
1078903
12023054
4326259
4085522
3166939
15896389
3674328
13600340
4497901
12298502
10306966
5967274
4967841
10011027
8891733
8143384
9955391
997134
11544434
10118790
8382894
14323766
2050719
7932163
3219446
4703748
1043854
174296
7964563
14315927
7429857
11574811
14416660
6325965
10540344
5167507
2450057
8053477
9167131
12314059
7524399
1847476
1685224
11641929
14265871
11153557
2170970
11589333
7701872
7667895
12158325
9869494
7967322
1161870
6132920
13480415
6828230
4569876
11799634
10228144
7177147
3984658
15106810
11396128
8560146
5684735
2943085
6387138
12871276
14987026
1244485
625937
11975073
963536
16580848
3067172
890339
7372274
15281360
14885563
1366713
7692941
7847553
1565777
9518123
12834414
11723264
8528774
10360707
14448168
8775989
11689460
1108830
13181356
4598230
4204563
11282734
9040469
4878044
1782384
10231987
5612836
1120555
1243931
10744959
14694471
10968279
8201901
11746895
1190767
10559374
5546184
12552366
5127223
2036264
3587968
630333
16466850
4719939
1141385
2773969
11380248
2824151
16589395
9479871
7187528
12269897
808933
4745639
6563910
8464235
8531793
12598630
2786976
13583821
6625334
9963272
5723794
11645087
6745307
11836430
16082487
13312767
12911835
13302222
833426
2074863
8132465
3563592
4601971
7713203
11755213
2900610
11577720
12818754
12014809
2470711
1070911
13166774
14220838
7938701
7734121
16758601
5645496
15244657
10150232
274757
12350848
9557838
12458902
6709704
6304866
14090228
1223283
15863956
10841783
2981835
13830665
10326134
12269323
7225519
15711422
8949196
3848713
14686299
8036210
10138009
13160239
7831223
883956
2344310
10497033
8590601
8099541
10815763
9531730
13309874
11864448
7785649
13630052
10154242
8128634
4386305
7828462
7695736
10970347
13527084
2018042
5375704
12194805
10894758
6929327
7680139
15360792
339014
14949438
12923624
2889379
2360259
9805526
3995998
7350392
12541256
12063064
2563754
2921338
16429576
11777508
3977216
3625422
9459742
6553626
4694333
8597640
2181586
1792868
9512767
1544862
14380418
9200159
10968822
11525621
10261726
15374324
15689144
12566496
16313088
13565494
1097542
9656824
14807829
14295906
7036156
7132192
9932476
12272249
15887797
6083712
12541232
3866371
9782334
13336983
1889396
2415390
13035599
4420869
7865674
3471639
13857195
2317920
14510998
15046002
5905213
16381005
6977562
6366304
6316768
3513957
15382504
6394368
16496362
416647
11553536
2947768
10201765
9938470
9207712
9153634
1231724
16009630
5913739
13925590
14856033
3246313
14867303
13488816
1393034
8445715
4077224
2436363
15436644
4177013
13639198
8636946
12715820
12755009
15260455
6635047
2028935
652283
12237806
4624747
7680628
5979504
13905086
8895303
777786
6630208
145771
210584
16645210
3489659
14057530
14010572
5530239
11432614
9821530
1934924
11223309
10884995
14691082
1075755
13884390
6095918
12861677
13861356
1323506
3276657
1007048
4813796
14625304
5673243
2616297
7469696
8786552
11172018
8536827
8485960
12638198
6459200
10283943
13177646
12400292
12977671
14668718
5880157
7107547
8295586
7980373
16564523
6490002
16645309
14933270
640394
8214541
11831172
2835809
8102580
11571129
10221877
4877285
4735064
4142577
1282173
5537672
11254277
3079750
3121679
3160962
9055221
6421496
11948974
12375139
14597308
16625232
2815192
3072209
10601409
8594414
9043393
7144168
9747385
13601847
6772369
9843113
9720731
6167712
1714358
667088
5892838
12857591
4723192
11330486
3363620
12867436
3376179
14831163
2442223
16758975
14404834
5015277
13480905
1804240
6325348
1232534
4170333
12269460
15322502
16177461
3599282
16767097
1057293
11663903
8637207
13024333
15443994
6421120
250735
6831835
4386272
10653427
16225469
8589236
3546262
4735473
1566600
16690159
15491272
1446433
9509350
1887000
2919420
13721162
3009212
4103694
11758123
15238805
3572141
13106976
2587656
14746943
3227939
14847371
10732759
842086
16481938
7041316
14557082
4308712
2467826
14799618
10457758
440146
15017779
10908379
8833462
4477940
6105369
1506294
10364507
8163569
5586879
16156075
9605250
3542731
13260155
16517064
10337111
10966136
14642881
14178411
15414542
15161680
4910077
572559
1843409
10540412
1911588
5651412
13739089
13322854
14229285
10954980
2758564
785584
7632121
10545027
15537450
4157426
14526084
6651168
13518777
12102380
3120628
8672964
3073737
3246965
12104873
13151275
2443873
15383686
5212711
8102398
14676574
12914934
2213341
12106074
13258284
3394396
1172715
5506827
1245789
6291812
15992666
4734574
11620439
4337527
6670711
16699451
11637059
6304541
7918148
10521145
14208891
12799937
15946278
2455398
2085168
15549636
3891480
14335494
11088518
14652839
14116064
8994756
12537136
5787669
3310029
296244
11658929
2050087
8709799
3509978
406676
15268830
16552561
9726002
3763826
4666405
16597958
8817241
12750901
11126229
9802084
16273737
11682593
4610432
13626774
16117282
1458428
869982
2127365
6201172
7242337
3986890
856667
9087822
2537098
8505875
1204741
5052390
255966
11007763
13985592
3452542
248932
13231632
4687637
864249
12618647
770740
221100
8333633
6302577
894418
3070004
13006750
5325873
8211841
9544096
16050135
9366838
301757
12110166
12483273
14181510
7144531
14215283
9542184
3149212
618246
5929888
11607748
8966916
1733976
9755926
7373873
1669032
5744412
14794740
11364679
2371829
8670222
1813656
12371895
13314302
11531857
12932363
3847126
3600204
3081043
8084024
7300743
4589447
6616282
15184339
10589026
16303650
7295623
5631339
604703
6722588
15671005
13863006
11022781
7670625
2657304
13414353
16607984
4367499
7982524
15202562
11500526
6741212
5178736
2405022
14118692
9813719
16733761
14625024
9395696
10156371
2306471
2344553
5129760
5148433
7774169
12884839
16533992
13663122
13982201
11465705
15958926
8601763
13787790
5719645
6913634
553531
2740302
9852812
903753
9454431
15319786
10349227
10347671
1476190
11934172
14943604
1676523
15807559
15809642
7122600
4912468
12094075
11723070
14044875
12097351
6963535
11515062
6121812
14145669
14148356
8159477
13329648
3252654
8220422
12069699
14837206
10021110
10240256
9873592
7268980
10402860
12756605
9093775
15577883
5958479
1646315
11731330
11502956
10300842
10576198
645535
11488975
15965410
11982703
14861775
850435
8998949
600299
9410032
960120
3195979
4916494
6685932
833505
1863899
7138996
15046530
7734489
12297078
9970013
6076869
14489670
5998768
13795356
5872172
12750190
8687632
9179624
5111599
7130739
3298960
15535060
9863400
2188087
14650618
12089448
8682747
5652288
1266482
7850660
5222712
16024450
8324291
11285327
4893406
12032114
3674855
12349205
3194462
1423623
15415978
11895646
7583616
14717889
15661025
15466036
8727946
11523830
12823889
2081362
15778741
9032970
6067364
3416916
12162477
12724049
7568269
9076299
15184691
6801075
12635139
13299743
16025368
16622386
7135604
1713414
5313995
10074799
4561249
3230175
4489375
9643857
5511469
3551624
5086589
10611239
9140622
6095954
2015586
8217200
8081553
6948435
3225434
5878083
2206225
8313321
10026977
7780092
7600675
7488963
10628775
10295311
1106453
15601866
4454562
308372
2196853
13406641
7717660
3890417
5228003
3648377
7626737
9447860
15630458
7152374
8867010
15845561
15409942
15434618
14617609
399685
5982433
13410533
7170372
5543871
16187763
12098514
5908018
12917568
14338541
10422369
13746223
9385729
5161369
7035061
16767772
9165626
12208373
7489963
2075917
5076956
3006558
1186130
8215566
3048178
1243130
3705716
7376823
1486899
8422190
3207170
10292257
15592129
6220658
5159271
16098530
13107365
8040227
15066311
5664306
10773770
11478478
12331956
8329789
3026353
12515901
6180209
2347437
10544507
7319755
11390145
6066972
12426333
16229223
4806208
13161961
139344
3224076
13248923
14058510
5248582
2313138
4707690
12952896
12585300
11210271
16011584
1027419
7339172
4524164
16118611
1000067
11589093
6160999
2313831
8162753
14910777
9188351
2232552
5467396
4149422
13313020
7429847
5630068
15761314
16334464
16229596
11565278
12249425
7366422
6607598
10971828
12449044
14799219
9078844
9110172
13268426
13907966
2930548
6299386
7256044
9032012
10705458
5807875
6756029
2049058
2823004
6270237
4893732
801265
2376251
5214476
14228325
10114892
8755837
6645851
10761499
9072231
6580185
3680730
859508
8136331
6569461
13950392
16500912
6971899
11400682
2015164
7198859
526308
10418759
6092441
4008744
14810834
14839721
4924154
13466771
14347074
2337480
16569609
14043881
14441229
7437472
11149457
8480170
15822535
14647693
6312089
16455281
6794080
6496361
13040778
4014063
2006526
3934811
1272889
916117
7565153
13865635
9426718
3451091
9752824
2053842
1064715
16120447
13308251
6986473
6728004
2382654
1914346
6691153
16489351
2328168
6168825
7369785
6876910
1695547
14996817
3345353
9060841
3824004
16674180
1755793
6827653
299369
1922599
13043463
13802580
965413
13865489
1008948
13326053
5022191
7105850
16688805
13886605
10060428
5964645
12549989
8152702
16279078
7780396
998696
15279304
3158117
15424729
4894965
16185275
2884549
5884461
4010868
12109411
10179690
3245831
8951688
15804535
1251258
14640630
8762937
2118411
3623205
10510488
13840613
3070857
13993596
15549973
8440672
8629805
10752859
11128562
6358576
13602096
5250816
354838
13603107
6643228
3859971
8686104
9037674
449656
13968673
8430732
6455282
2260455
14839652
16684172
6620693
12682577
14300066
5905303
2953129
11575864
10397496
14622067
14925137
3788925
9187743
11309797
11343949
8674617
10836325
7833812
7685464
16218109
2708106
6269882
7384543
13770463
9837635
3311414
6877104
11774006
5129104
8113432
16584286
5566603
574690
12419947
13129957
6692721
1098891
11606919
2392220
14482545
5029721
5782231
2178115
15103709
4519491
9358724
4438531
5305001
3273869
7868924
9913670
16406986
1286981
10501949
6260952
2043744
1120893
13804688
5069374
10934602
8303607
10382722
16193580
15075078
9400186
2960893
3369712
13116369
6019645
3732887
6302218
13618939
848988
15512704
13487510
1683996
13257813
13982939
1645561
14883471
12467483
14769858
2860051
2716656
3088947
14956771
15757698
669139
6021852
11929906
16294598
7647472
4232218
14276107
1898434
4729117
1279460
921069
5497293
5974832
13694117
2174975
1858736
9273779
9642342
1720185
13836555
10525359
9751552
9205094
8539177
9944444
15677111
11228211
12850922
3265120
2880917
14148891
12307564
8751415
592095
8875423
15597843
15452414
10882265
13408528
11643668
4456972
6800633
11273342
3194384
12015937
10015108
7915622
15946547
4578551
6948714
15814640
6174251
7132856
13465320
14036936
4152490
15513588
12759401
16530271
2410852
16289240
12455330
12821640
9604185
10414665
8418766
1453213
8116192
12644237
15360620
16014489
13947969
11725557
16181164
14563550
1329578
4751828
5228600
15608562
15084088
7525786
1976486
4977911
8141341
4896945
4018023
11130194
6079305
12761042
2857104
5950112
4102878
11244553
1304392
10599953
10578263
7414376
9575227
7055874
16761273
805030
7328414
9134565
1128493
14220108
12430599
15993961
13657152
6378502
10793837
13999949
11409027
4701895
4067870
6982235
2851719
13247517
8469962
6840977
10794793
7880636
9531360
16696555
14105052
8779203
11623652
11937515
3134949
10979464
16618362
12586881
14826452
2799086
5718282
8438512
11844384
15449922
7179305
2237692
14167433
6392679
11626719
15805369
186639
14934514
10556184
13451368
5221478
12662829
2966408
14630871
625758
8179850
12844639
15937304
3415392
14859044
6522112
3096741
7975429
1207321
9678881
12148595
11595502
8553552
3846487
2254344
8051552
5018671
4265535
14060863
10227114
4859694
8634135
8842775
3502384
14777541
7692952
9271736
2476527
14794866
3275911
3420107
9047432
13580465
13117281
5315377
5069897
474564
9084688
4361526
3718238
12150264
5305987
8641958
16291367
10117036
7704437
14526289
14199246
15051522
15926912
10152690
12786579
5547868
6693153
3205876
12061864
10495240
9614044
13369087
10207844
16280454
2977359
2323445
2937710
15206835
1634690
4065724
2712238
1837277
7933483
6052100
3981657
1347413
1051177
4247080
5211102
1150081
9291220
12040278
10961025
4763820
6750253
13224757
11854169
544753
6336592
16339606
16528841
15176337
10498777
12650712
2605304
4376504
664905
3876678
6265502
9384841
13089699
2285834
11699514
16465786
3826121
13064952
11765814
11509412
3867986
4753939
246926
15755162
3187111
13809042
7976802
14294152
6748808
14025946
15498900
4616721
7468017
4340743
3555213
5885739
8060343
13836174
8177573
6096313
7970816
6999718
7444228
2082319
1744872
9206398
11498119
3115173
5860481
6507137
9272880
16771718
835435
12773976
778151
15215545
4752669
11432447
4298442
13509837
2382547
7811242
10889400
14465842
136975
14145058
8056755
2346120
6813769
5099755
13065993
6062409
13437013
8265602
8242570
12114032
15729841
5031390
4031100
10518926
2255039
13855654
8134547
11162294
13697425
1509516
10303086
13827395
11691930
8386720
11323417
3430646
13352011
5126072
5507444
1083979
635947
15601308
13657822
9134121
9444497
2309124
13198404
7737310
10435263
16383063
6175667
14849682
11950998
4424347
6546343
10466746
13904774
12980497
1908445
14683896
12495109
10573236
16318677
2702320
533495
3458060
13370458
12378670
13919781
8583082
7043854
10111740
8072952
4370198
9258668
12821835
4600626
5075713
7206100
13309271
14228361
14985018
1930548
1209473
2428518
6917921
3974812
9510192
5989675
11277338
12274132
5334013
12892079
5965586
15001692
12786287
16291006
9874428
7389400
11823551
6713224
13892866
238269
12310203
6265881
1110050
10294741
9094356
9370357
4109037
5011566
13786788
9910793
15215211
6856598
10455006
7707169
9031199
2271053
14819490
15527948
8602322
4205738
1785432
15946391
11917549
5783781
9141274
14057059
1935575
13605308
9938299
7639435
10179440