0:
#.#
#.#
###

1:
###
##.
##.

2:
###
##.
#..

3:
..#
.##
##.

4:
#.#
###
#.#

5:
.##
###
#.#

36x45: 40 40 46 51 34 42
41x45: 32 28 30 38 36 31
35x48: 30 23 33 31 41 18
43x47: 54 47 61 50 52 48
42x40: 46 37 47 39 49 40
46x37: 43 37 42 40 48 51
47x37: 33 27 22 34 33 30
37x44: 24 24 29 35 29 27
39x44: 54 38 42 41 43 45
42x48: 55 51 49 52 55 48
44x36: 45 31 36 36 51 43
41x45: 51 53 43 38 49 47
40x41: 33 22 28 36 31 19
39x39: 27 34 30 23 23 31
41x40: 30 24 26 33 28 27
35x45: 48 50 45 33 35 30
35x41: 38 35 48 27 37 35
47x46: 40 38 30 29 50 37
36x47: 36 47 45 40 48 44
35x47: 43 46 43 33 46 40
40x49: 42 29 35 27 33 42
42x43: 31 29 31 37 38 30
42x42: 27 29 35 28 40 37
36x41: 29 25 15 29 32 25
46x40: 58 50 39 60 45 34
48x46: 32 49 36 43 46 33
42x39: 52 35 44 44 37 41
38x49: 39 59 39 49 49 51
44x40: 31 31 31 31 26 32
43x47: 31 35 31 36 31 45
49x45: 50 61 58 58 50 63
48x50: 66 65 60 61 66 51
41x41: 29 31 22 30 33 23
43x37: 36 41 40 41 47 40
42x38: 27 24 21 32 31 32
40x46: 39 31 28 38 29 29
49x45: 72 66 49 55 43 53
42x39: 31 39 31 21 29 31
37x36: 27 26 14 18 22 36
45x48: 38 38 45 44 36 39
49x36: 37 54 47 49 41 45
39x47: 30 42 27 31 39 26
43x48: 47 59 51 54 54 53
36x48: 44 49 38 40 42 51
42x48: 40 32 27 40 38 47
42x47: 28 43 38 35 27 39
40x44: 31 34 22 32 29 33
47x37: 28 29 27 32 29 34
42x35: 25 19 34 23 25 27
38x50: 57 43 59 38 50 44
41x46: 39 31 28 30 30 36
35x37: 22 19 20 23 22 25
41x48: 55 43 55 52 59 40
36x37: 21 22 27 15 24 34
35x47: 24 31 25 25 38 21
46x41: 46 48 49 39 41 65
46x48: 52 56 58 60 65 50
46x46: 54 57 53 56 53 53
40x42: 39 31 49 34 47 57
39x49: 60 48 43 51 41 51
47x47: 68 64 56 49 43 58
41x45: 35 32 30 36 28 33
38x39: 24 32 30 17 31 21
44x39: 20 36 28 42 31 24
48x36: 25 40 34 32 28 32
44x38: 45 46 49 38 41 38
44x50: 41 36 30 42 37 38
45x44: 45 59 50 59 48 46
40x48: 54 55 41 41 56 45
49x49: 40 40 31 50 47 47
48x44: 49 62 49 63 56 48
38x36: 37 37 37 35 37 28
45x42: 39 30 34 29 36 41
39x35: 21 24 24 28 25 21
46x38: 19 39 27 30 32 32
42x36: 29 25 28 27 33 26
45x47: 34 39 43 37 40 32
37x43: 39 27 26 22 25 28
43x43: 52 43 49 41 56 42
42x47: 47 54 40 45 60 55
40x48: 39 22 30 31 39 47
48x41: 35 35 35 33 34 36
35x50: 44 50 49 48 39 41
48x37: 30 55 41 50 49 49
35x48: 43 43 41 42 50 39
39x38: 41 40 44 41 35 29
36x40: 24 29 25 23 20 34
45x48: 39 47 31 43 38 41
39x38: 28 18 21 37 29 23
47x35: 24 27 30 21 38 24
38x46: 55 38 47 53 46 33
44x47: 32 33 41 41 34 28
50x39: 53 33 32 26 27 37
45x36: 39 39 53 44 39 38
46x39: 47 30 32 24 30 31
36x42: 22 37 24 35 27 23
45x35: 42 37 49 27 49 36
48x49: 36 31 43 52 54 40
39x39: 43 40 28 37 42 42
45x40: 26 37 28 33 30 40
47x47: 30 42 31 40 43 39
40x48: 40 29 39 38 34 28
38x38: 19 21 27 32 27 17
45x36: 26 29 41 36 31 16
40x50: 57 56 48 53 44 50
48x40: 53 44 50 57 41 53
49x40: 32 33 37 39 35 31
39x38: 42 40 38 37 34 37
44x36: 27 31 23 29 26 32
35x43: 27 24 23 25 31 24
50x38: 50 44 48 50 51 50
47x37: 29 33 29 32 27 30
37x36: 28 28 23 22 23 20
41x44: 54 53 44 44 44 38
37x37: 24 22 20 24 26 27
50x43: 43 50 64 58 67 51
44x43: 52 48 43 46 46 55
49x46: 51 51 59 71 56 63
41x50: 29 34 40 34 34 37
44x41: 28 37 28 24 33 31
36x41: 22 22 35 25 23 29
48x37: 29 45 22 28 33 35
48x48: 43 45 36 38 46 47
35x43: 33 32 35 51 42 42
46x49: 25 39 42 41 40 53
45x37: 24 33 30 37 26 30
45x42: 39 35 39 41 19 36
42x47: 52 61 48 48 61 33
43x43: 48 45 45 42 60 43
35x46: 40 33 42 44 51 39
37x44: 38 40 41 43 42 47
45x43: 50 31 56 50 55 57
37x36: 44 37 31 25 26 39
47x49: 39 34 39 43 43 42
43x48: 35 42 33 41 44 29
46x38: 29 36 20 31 29 34
42x36: 38 20 26 33 27 23
42x40: 32 21 27 33 36 33
47x50: 29 40 38 56 31 46
35x48: 44 46 51 37 41 39
40x41: 30 27 22 31 26 32
48x39: 54 48 49 53 42 44
47x38: 56 35 43 40 47 52
45x44: 51 51 50 51 49 53
38x49: 30 38 35 25 32 32
39x46: 46 46 43 36 52 50
48x41: 62 40 48 59 51 45
41x46: 34 23 32 42 30 34
35x45: 34 23 26 24 27 31
39x43: 44 40 50 39 45 40
44x46: 49 53 62 51 53 45
50x45: 38 43 31 47 33 48
45x40: 30 40 32 32 36 25
37x36: 25 30 21 26 27 14
40x41: 43 46 44 36 37 45
40x39: 28 23 36 30 21 31
41x43: 41 37 48 46 49 51
40x48: 34 37 33 48 28 28
45x50: 56 42 32 30 31 48
37x46: 38 42 39 45 53 45
49x47: 37 41 34 43 39 46
49x39: 33 34 40 33 29 39
46x36: 26 30 25 30 35 33
49x49: 64 58 59 64 65 60
36x44: 47 30 34 54 47 35
40x37: 42 40 28 33 34 48
46x43: 31 43 33 31 29 42
40x46: 22 42 30 37 33 31
45x44: 36 29 37 30 39 38
49x47: 58 63 63 58 59 54
39x48: 26 45 33 37 33 33
45x49: 53 49 57 61 56 65
45x45: 59 48 51 60 58 38
42x43: 50 42 42 41 46 55
39x44: 48 38 46 49 46 39
47x40: 38 48 45 58 59 44
36x50: 46 52 42 48 48 41
40x42: 36 51 34 41 47 48
38x38: 37 35 32 41 46 32
42x35: 22 33 28 29 24 18
43x36: 30 24 27 35 28 24
47x36: 27 37 28 32 27 28
37x43: 24 29 28 25 31 31
38x37: 23 23 31 27 24 16
50x47: 63 51 59 65 61 64
48x35: 31 50 50 40 37 51
46x47: 38 34 26 43 40 44
42x43: 34 35 39 35 25 28
46x38: 50 51 40 53 33 44
45x47: 37 40 38 38 33 39
49x36: 37 47 50 47 50 42
40x36: 25 20 26 29 26 29
39x44: 40 54 35 47 48 40
37x39: 26 22 27 33 30 18
42x38: 33 22 21 31 27 33
45x40: 51 37 49 55 46 42
48x39: 43 48 54 54 47 45
38x38: 21 17 26 26 26 28
48x35: 30 33 23 23 29 37
36x49: 33 50 46 43 43 56
45x39: 45 50 36 34 45 56
45x38: 62 39 33 48 36 45
46x39: 52 54 45 35 41 46
45x46: 59 45 62 60 49 47
50x41: 56 60 52 58 38 53
44x41: 32 32 35 31 24 28
37x50: 56 43 50 47 38 51
36x35: 27 19 26 20 24 16
35x41: 20 28 17 17 25 35
38x48: 35 37 35 25 27 33
46x48: 47 28 31 44 49 41
46x44: 40 43 29 27 37 34
40x42: 41 41 53 35 42 46
50x40: 55 39 36 55 47 75
44x50: 47 56 61 62 54 61
49x41: 63 54 50 55 35 53
48x49: 51 64 56 59 69 62
42x35: 37 39 40 25 43 39
41x46: 54 51 51 39 35 58
35x41: 19 21 20 29 32 22
49x37: 44 45 47 46 51 46
35x38: 45 30 41 31 31 27
41x42: 51 38 48 49 37 44
49x39: 35 24 31 38 40 39
42x42: 37 41 47 52 48 49
49x44: 56 57 53 43 54 65
50x41: 34 29 42 25 33 45
46x35: 20 29 29 29 32 25
36x48: 47 50 53 43 43 31
36x36: 17 25 25 29 22 26
50x48: 58 71 55 70 52 65
46x42: 62 54 44 47 54 35
45x42: 49 50 45 43 48 54
44x40: 40 50 44 39 45 51
39x39: 22 31 35 29 28 23
39x41: 34 45 50 29 42 44
37x35: 35 29 36 41 33 28
40x38: 45 43 41 41 31 34
50x40: 46 41 70 52 51 51
46x46: 43 56 56 44 66 58
41x36: 28 23 25 26 31 22
37x40: 46 46 33 40 21 42
35x46: 33 33 26 22 18 32
46x36: 46 44 50 45 36 36
37x37: 16 26 28 29 23 22
45x49: 42 34 31 33 57 43
45x35: 43 43 35 37 51 32
37x46: 33 29 26 27 36 28
43x47: 61 54 58 45 47 45
44x40: 23 22 40 28 38 30
37x48: 40 49 48 43 40 53
40x37: 27 22 24 29 22 31
39x46: 34 40 30 25 35 30
35x40: 24 15 27 27 19 31
37x44: 29 27 25 31 26 30
41x45: 37 45 53 51 49 51
49x41: 29 37 35 34 30 42
37x38: 21 27 25 21 23 27
40x43: 39 42 43 42 55 43
36x39: 34 28 44 41 41 31
44x45: 38 26 50 35 36 24
46x48: 50 63 57 50 61 57
39x43: 42 36 45 48 44 45
38x45: 27 31 34 29 30 28
45x47: 50 61 58 46 52 57
37x46: 34 42 49 40 51 46
37x40: 38 35 41 37 37 40
46x35: 23 31 26 27 28 29
41x46: 57 43 53 38 50 47
49x48: 38 42 39 55 51 30
48x46: 50 49 54 62 62 64
50x36: 37 25 40 35 25 30
44x42: 26 33 35 34 31 37
44x39: 44 41 37 43 46 52
44x49: 62 56 50 47 59 55
45x46: 41 47 35 32 32 38
49x35: 31 38 25 29 21 31
42x48: 65 42 54 49 61 39
50x39: 47 48 49 50 57 49
37x49: 57 38 42 45 42 54
35x42: 29 27 18 28 29 23
46x39: 42 39 49 54 53 42
42x36: 38 35 38 40 44 38
39x50: 44 29 32 38 32 33
41x45: 41 35 46 22 25 26
38x49: 34 34 32 24 35 32
35x36: 21 19 16 23 29 23
39x43: 36 51 53 41 51 27
39x45: 37 45 41 42 45 59
42x37: 31 25 20 24 32 36
48x35: 42 46 38 47 29 57
44x35: 42 48 35 38 38 35
50x39: 38 36 37 39 27 30
40x49: 41 47 49 55 47 64
35x47: 17 25 30 32 29 31
48x36: 34 30 32 30 28 38
36x47: 48 46 44 41 50 31
42x36: 20 36 26 25 29 31
45x48: 52 58 45 51 63 61
35x44: 28 47 46 35 43 38
37x50: 24 33 33 36 29 37
50x47: 67 57 48 71 59 61
45x50: 41 38 38 34 44 44
44x38: 35 24 26 24 31 28
46x48: 41 31 39 47 38 43
48x45: 44 44 31 36 44 40
43x50: 63 53 56 51 47 60
38x40: 24 25 35 21 26 25
47x44: 36 37 39 29 30 38
45x46: 55 47 59 51 50 57
37x43: 46 37 35 43 34 50
41x36: 31 21 23 35 18 27
49x50: 51 45 37 36 37 50
37x37: 39 34 32 26 32 45
35x50: 50 56 57 30 38 36
47x42: 57 51 41 59 54 43
50x45: 63 55 45 77 55 55
48x44: 38 39 39 32 43 32
36x50: 50 51 56 34 43 41
41x37: 37 26 50 31 43 46
45x39: 23 40 35 30 35 32
41x38: 22 30 27 19 28 30
46x38: 33 30 26 28 26 37
40x36: 31 31 39 43 38 42
45x50: 52 41 80 56 63 57
38x47: 28 25 37 22 38 30
49x39: 55 43 56 52 43 47
49x35: 25 28 30 28 39 26
38x45: 46 43 50 46 27 53
48x39: 48 32 26 32 34 36
45x44: 29 31 31 43 33 43
36x41: 25 29 30 21 20 30
39x42: 35 26 33 24 30 33
48x35: 46 35 19 23 26 26
35x45: 25 26 29 34 29 21
50x44: 47 38 29 36 33 41
49x38: 53 50 46 36 50 48
37x50: 48 42 58 42 40 55
37x38: 33 40 38 40 35 32
44x43: 46 29 36 32 25 27
47x39: 31 34 30 31 37 31
38x43: 47 42 44 42 38 39
37x43: 27 22 28 28 29 33
45x47: 36 35 44 30 43 37
49x46: 42 38 49 35 41 35
41x46: 36 33 30 24 33 39
38x37: 24 20 23 23 33 20
36x38: 37 47 31 28 35 30
35x45: 28 25 26 28 25 33
50x47: 61 50 50 77 64 63
47x38: 49 43 44 47 43 49
39x36: 31 33 30 41 47 35
39x44: 28 27 21 31 30 44
46x37: 32 28 33 31 22 34
50x38: 31 37 23 38 32 30
35x50: 37 42 43 40 54 52
49x46: 67 64 51 61 50 54
37x42: 30 27 36 21 25 29
46x44: 37 23 34 34 37 45
46x37: 39 38 42 61 47 40
47x40: 41 24 26 43 39 21
40x41: 36 46 40 38 43 48
49x49: 42 36 44 48 46 39
42x35: 38 37 31 40 40 40
44x45: 43 59 56 49 46 52
47x42: 41 31 29 37 31 41
35x39: 36 37 30 30 35 40
40x42: 30 35 30 26 34 27
36x49: 37 48 32 57 51 48
39x37: 45 30 49 26 41 30
37x47: 30 29 32 33 31 24
45x37: 23 24 34 39 22 38
36x36: 28 26 36 40 32 40
40x49: 38 29 32 29 41 38
45x42: 38 56 50 54 48 47
37x44: 37 32 43 66 44 36
45x40: 40 30 33 26 37 29
38x37: 28 24 26 26 21 19
43x39: 38 24 26 26 26 41
37x36: 30 34 39 38 35 31
46x36: 26 39 27 20 38 29
36x43: 28 23 29 26 24 38
45x37: 43 36 45 33 48 49
48x48: 66 53 42 61 59 72
43x37: 31 22 29 34 29 22
35x46: 46 48 42 41 37 34
36x35: 19 19 21 28 24 20
49x48: 69 51 70 65 62 48
39x44: 27 26 37 39 25 28
41x39: 27 54 40 48 38 41
36x41: 22 29 29 19 25 32
48x35: 47 40 32 43 51 44
44x44: 40 50 53 48 68 39
35x46: 43 44 34 42 38 46
47x37: 46 33 55 37 50 46
45x40: 36 40 32 26 33 28
44x46: 58 56 57 54 36 52
42x37: 40 46 40 38 40 35
45x36: 41 39 45 38 48 38
37x45: 31 30 26 34 31 28
48x38: 28 35 33 29 27 39
38x43: 51 49 42 39 36 34
40x43: 33 42 43 55 46 49
38x35: 37 32 30 37 31 38
38x50: 30 33 34 26 39 30
37x47: 30 35 23 33 27 32
42x47: 42 37 34 30 26 40
45x49: 39 37 50 31 38 45
38x41: 21 25 24 31 31 24
49x48: 52 60 64 65 64 59
38x36: 30 40 27 44 38 33
39x39: 34 25 29 34 24 23
47x40: 47 55 43 39 50 52
43x40: 32 24 26 23 34 42
41x49: 53 55 50 48 54 48
41x35: 30 18 22 21 27 24
38x42: 34 51 37 51 32 43
43x41: 19 37 34 30 32 29
40x43: 35 33 31 26 29 27
50x36: 30 33 33 32 33 31
39x50: 47 49 47 51 53 53
47x43: 38 32 31 37 37 34
38x41: 26 25 26 22 21 36
45x48: 56 53 56 39 62 62
47x44: 44 55 62 47 57 53
35x41: 38 27 40 32 42 41
35x45: 41 44 43 44 37 35
45x42: 59 38 51 44 48 50
45x48: 43 39 37 39 28 53
42x35: 34 42 40 32 44 33
40x40: 48 45 38 44 37 35
46x42: 28 32 30 29 48 43
40x49: 30 29 42 39 34 34
41x35: 22 31 28 17 19 26
48x49: 51 33 48 40 41 43
48x45: 36 42 46 29 43 43
46x42: 38 26 34 38 33 40
42x41: 36 46 47 45 45 47
46x45: 32 42 42 31 31 47
40x45: 46 47 39 38 55 49
39x38: 21 26 20 28 27 33
44x50: 60 53 61 45 59 58
40x47: 46 53 42 56 52 42
40x49: 45 51 45 50 51 59
49x49: 37 41 40 36 42 60
36x45: 42 38 51 39 42 38
37x45: 32 32 27 28 28 32
45x48: 55 68 51 45 57 53
44x35: 26 38 19 26 21 23
50x46: 57 62 56 49 60 67
43x49: 45 62 50 54 64 49
50x40: 54 50 57 56 47 46
38x46: 47 46 47 40 45 43
39x40: 33 38 44 48 50 30
48x39: 30 35 41 35 35 31
49x48: 42 47 49 41 43 34
48x36: 30 31 28 30 39 34
47x50: 37 39 35 41 40 47
36x37: 27 26 41 48 28 40
43x43: 53 56 44 40 44 45
47x49: 58 62 56 59 56 63
46x42: 35 32 40 37 32 34
45x50: 47 30 33 44 45 40
49x40: 30 38 34 36 35 34
41x45: 26 34 30 44 29 31
44x44: 50 46 62 40 49 50
44x43: 36 35 31 27 35 31
49x42: 46 37 35 33 32 40
39x38: 24 20 25 24 34 29
50x39: 47 46 54 57 49 50
44x36: 25 28 40 24 24 26
45x36: 41 39 41 33 45 48
50x38: 35 41 29 29 28 30
46x48: 31 48 36 48 38 39
47x38: 57 32 53 46 43 45
45x39: 41 50 55 42 41 42
38x45: 47 41 39 49 41 47
43x44: 50 50 58 43 43 47
49x38: 39 62 42 45 55 42
44x38: 36 25 26 20 32 29
49x41: 39 33 35 37 37 26
37x49: 43 45 48 45 51 47
48x38: 55 42 48 39 53 42
37x49: 29 33 35 29 38 28
50x42: 37 45 38 35 35 34
36x47: 23 38 25 34 28 32
39x40: 23 25 28 34 31 28
35x36: 20 26 24 23 19 19
48x47: 45 41 38 44 37 35
50x40: 57 49 57 52 42 52
46x36: 42 41 45 59 40 33
38x36: 39 36 34 36 29 37
44x48: 52 58 65 52 58 41
49x41: 26 37 31 38 33 43
47x37: 39 43 47 41 38 59
48x42: 43 33 43 38 31 36
50x41: 34 35 32 40 33 34
36x45: 36 36 34 20 28 26
43x36: 33 32 45 46 40 45
37x37: 24 22 25 25 23 24
39x44: 57 39 45 39 39 44
38x48: 34 35 39 30 22 31
41x41: 28 42 41 52 42 56
44x40: 17 37 37 33 27 31
44x38: 33 38 19 23 25 29
39x43: 29 41 30 30 31 21
47x38: 48 36 51 47 34 60
46x42: 32 35 37 32 34 40
50x43: 60 54 43 44 59 66
38x37: 32 44 40 32 36 32
48x36: 26 37 35 24 41 29
40x43: 40 47 48 42 36 52
48x40: 56 55 49 43 48 43
48x37: 39 57 41 42 46 47
48x50: 53 56 72 61 72 57
48x50: 74 64 64 52 65 48
49x43: 52 68 47 52 55 49
36x41: 28 33 26 16 18 35
50x44: 45 39 33 38 39 29
50x37: 49 47 49 44 44 51
38x35: 23 20 17 22 25 24
37x49: 32 34 34 29 27 35
35x35: 18 23 27 19 15 18
44x50: 56 74 39 48 65 52
43x43: 47 39 49 55 43 54
38x42: 31 32 26 22 34 22
39x46: 32 25 28 35 36 38
36x40: 43 38 35 32 29 43
43x43: 24 35 47 35 28 27
35x45: 30 26 33 32 21 22
40x49: 44 60 45 50 52 50
43x43: 17 33 41 39 30 35
46x43: 36 38 28 42 30 35
37x50: 48 43 43 54 43 55
40x46: 34 31 34 38 33 24
35x38: 19 15 25 20 21 31
43x42: 50 45 41 41 53 46
47x38: 31 35 34 35 26 18
42x35: 45 35 35 31 41 37
46x47: 45 60 66 57 61 46
35x43: 37 40 48 38 32 38
36x45: 22 32 27 29 37 33
41x50: 50 50 61 43 56 54
49x36: 46 45 37 40 39 62
47x35: 51 45 41 28 45 39
42x43: 50 45 45 47 38 53
48x42: 56 49 50 65 41 53
46x37: 50 51 36 47 38 40
43x38: 44 38 44 39 45 41
49x50: 55 69 67 64 63 60
42x47: 49 62 41 41 47 60
42x38: 41 37 46 39 42 41
45x35: 36 25 50 37 61 34
46x39: 47 51 52 42 41 43
42x42: 46 41 46 53 52 36
45x40: 40 41 44 53 51 50
40x41: 36 43 43 47 37 48
42x41: 27 37 30 34 24 29
42x46: 41 35 31 42 30 30
36x39: 28 32 19 31 23 23
37x45: 29 38 35 22 27 28
40x45: 24 33 40 38 28 31
35x44: 24 34 24 21 22 28
43x48: 36 33 40 44 30 40
38x49: 39 36 31 31 25 29
39x44: 36 43 47 35 46 55
50x49: 70 55 49 69 63 71
48x36: 29 37 37 30 24 34
35x44: 32 40 50 44 36 38
48x41: 33 26 38 41 38 32
46x46: 43 44 36 28 40 34
49x43: 30 34 44 32 49 35
36x49: 33 34 31 26 39 28
38x44: 32 23 30 28 28 27
41x38: 44 36 40 43 43 35
47x50: 38 34 32 41 45 49
43x43: 31 29 31 31 38 35
37x38: 37 34 41 35 38 32
48x49: 62 48 59 54 56 81
50x40: 32 33 37 34 41 31
39x45: 50 48 33 50 47 42
41x50: 67 44 46 54 52 52
47x49: 57 50 60 53 68 65
44x50: 53 47 54 58 55 72
39x46: 46 38 46 45 48 53
50x35: 55 37 45 54 41 40
50x49: 40 47 45 36 40 48
43x43: 37 48 46 46 48 59
49x46: 46 50 31 34 35 44
47x43: 56 40 68 47 49 52
42x46: 42 48 51 61 43 56
36x50: 48 56 43 44 42 43
38x40: 31 42 46 38 38 40
49x48: 55 55 58 58 63 72
41x41: 46 39 35 54 44 43
47x48: 49 53 57 67 57 67
50x38: 48 51 53 51 43 48
39x50: 54 50 49 53 54 41
39x36: 37 29 45 30 43 32
45x43: 42 39 30 35 35 28
35x42: 30 32 37 36 38 53
37x41: 33 25 25 24 26 22
46x48: 35 45 40 48 38 34
47x50: 62 60 68 60 60 53
49x46: 36 41 37 40 39 46
49x37: 45 42 42 51 61 39
35x41: 27 14 31 29 21 20
50x36: 38 22 28 33 44 26
43x43: 55 39 45 53 45 49
39x37: 26 24 22 31 29 24
41x40: 35 47 50 39 36 46
42x45: 38 46 48 59 54 49
48x47: 49 70 68 59 49 54
39x44: 35 29 29 30 26 32
35x41: 40 41 43 41 26 32
40x47: 36 31 25 30 33 39
37x44: 30 24 25 19 32 37
46x50: 52 55 59 62 61 66
35x40: 40 31 37 36 33 39
36x39: 40 40 37 34 36 29
47x43: 54 60 54 39 41 60
46x36: 20 38 33 27 36 25
46x46: 31 51 30 34 40 39
49x50: 49 61 61 84 66 62
40x41: 30 28 32 29 27 23
39x41: 25 27 34 29 27 27
39x38: 28 30 31 23 23 20
36x38: 44 30 39 34 27 37
46x50: 58 70 71 46 55 52
38x46: 28 29 26 28 33 35
45x39: 32 36 36 35 25 30
49x38: 39 33 24 30 32 33
48x35: 24 24 24 29 33 41
39x37: 34 39 40 31 38 39
39x48: 47 50 51 52 51 39
44x41: 58 43 43 52 43 40
40x47: 55 41 47 54 40 54
41x47: 49 50 54 48 51 45
39x48: 36 34 34 37 34 33
35x48: 50 51 42 41 40 34
49x47: 41 37 37 48 39 37
47x44: 59 56 59 42 49 51
45x38: 36 25 22 32 34 31
50x48: 39 44 41 38 48 46
46x45: 70 55 40 53 59 40
38x48: 33 31 36 32 27 32
43x41: 27 36 33 32 21 32
39x45: 43 37 46 51 43 52
40x46: 42 35 44 58 45 62
41x35: 36 40 31 32 37 43
50x41: 54 54 51 51 53 52
40x35: 20 30 25 21 17 30
45x38: 52 25 54 48 43 44
37x42: 39 43 34 42 45 36
36x36: 27 19 23 26 28 21
45x40: 41 56 48 37 51 42
36x43: 29 30 32 29 21 26
45x39: 47 46 39 44 46 47
40x38: 31 42 51 32 46 32
41x40: 41 51 43 32 49 34
43x38: 29 24 31 20 31 32
38x44: 30 22 32 21 28 34
40x45: 34 27 41 35 29 28
48x50: 61 62 77 70 54 50
38x35: 38 29 36 33 32 37
38x46: 42 49 51 52 43 35
40x36: 37 35 46 37 32 36
40x49: 32 33 40 27 38 37
43x36: 32 22 34 32 25 23
49x43: 38 58 58 65 61 48
35x35: 19 14 20 20 22 26
46x50: 49 37 34 34 38 47
46x36: 50 37 36 39 38 53
43x37: 39 45 32 48 39 43
35x38: 30 37 40 35 38 26
46x46: 51 53 60 59 45 60
35x49: 43 50 45 39 44 42
37x48: 31 36 31 28 29 37
50x42: 36 43 46 36 35 28
49x49: 41 41 46 42 42 44
44x42: 39 32 40 30 31 23
48x39: 59 38 38 49 51 52
50x40: 40 29 40 38 34 27
50x38: 45 48 42 50 44 63
47x37: 50 41 43 50 47 38
48x45: 48 56 70 64 52 47
45x39: 56 35 52 41 44 42
36x38: 33 40 37 28 38 33
48x45: 58 60 65 59 51 42
35x48: 43 41 44 43 49 39
35x41: 27 27 29 20 20 20
47x42: 30 43 27 43 33 34
42x39: 48 31 46 50 43 37
36x47: 42 45 40 53 44 39
37x39: 45 39 40 41 27 32
46x50: 40 39 41 41 28 51
37x45: 49 43 41 42 39 42
39x45: 48 48 53 44 37 41
39x45: 31 26 40 37 38 23
35x41: 12 25 28 23 22 33
38x40: 22 29 40 19 20 25
50x36: 29 27 38 36 31 30
36x35: 26 19 22 22 20 23
44x40: 27 25 35 32 33 29
50x50: 64 73 70 54 56 66
48x50: 62 64 62 56 58 66
45x46: 54 54 49 46 59 54
37x35: 35 37 29 34 39 25
48x46: 54 35 38 32 43 37
36x48: 30 31 33 35 33 30
44x35: 28 27 22 28 24 24
41x47: 51 46 46 56 54 45
36x40: 28 26 29 21 26 25
46x47: 35 38 34 50 35 33
49x50: 71 61 58 65 58 64
35x49: 21 27 33 21 37 36
37x46: 49 39 34 48 45 47
50x39: 39 39 29 30 37 34
48x44: 51 27 36 45 34 31
40x46: 39 28 29 33 37 28
43x50: 50 53 59 42 65 59
41x48: 49 50 59 42 43 59
37x50: 40 52 52 38 52 49
43x36: 29 50 36 61 32 36
47x49: 61 62 65 58 53 56
46x37: 24 29 29 34 31 32
35x43: 45 37 42 38 36 34
47x43: 45 50 58 52 54 53
47x40: 52 45 47 51 42 53
40x49: 35 37 36 35 30 34
35x50: 44 49 39 49 50 39
38x50: 52 55 57 50 46 34
41x46: 37 27 24 39 29 38
40x47: 52 42 53 55 50 40
44x45: 49 52 47 56 60 42
40x39: 46 35 38 36 42 42
36x46: 48 38 37 41 39 51
50x45: 57 65 57 64 54 51
49x45: 63 65 58 57 43 54
36x39: 24 32 29 23 27 21
47x44: 48 43 26 40 35 17
37x38: 24 19 27 28 21 25
36x44: 46 20 51 35 44 48
39x38: 35 43 33 36 36 44
36x43: 35 34 42 48 41 41
35x44: 34 39 40 28 47 46
50x44: 31 29 43 37 49 35
46x43: 32 31 34 43 34 35
44x43: 47 46 54 38 60 44
38x49: 34 36 26 32 27 37
49x39: 48 42 45 47 61 50
40x50: 52 42 50 59 50 57
41x47: 27 38 35 32 36 27
49x38: 30 32 34 33 25 37
39x48: 40 47 53 51 49 50
36x49: 36 35 28 30 30 33
49x48: 58 60 55 63 62 64
48x46: 46 60 64 53 64 53
46x40: 27 30 27 35 37 38
42x40: 22 37 37 30 31 25
38x36: 37 36 33 47 30 31
45x40: 55 47 37 40 52 43
48x42: 37 40 36 37 43 31
50x35: 43 44 49 38 47 47
42x49: 33 49 36 36 32 37
44x46: 39 44 56 58 61 56
40x39: 20 30 33 27 28 31
43x49: 68 46 55 48 53 53
41x48: 56 57 49 51 52 38
44x40: 31 15 34 37 31 33
45x36: 35 26 25 33 36 25
37x37: 46 32 25 33 30 43
49x35: 55 46 35 55 33 42
40x46: 52 46 47 49 44 46
48x37: 36 26 32 34 32 31
39x48: 58 42 44 46 49 48
43x36: 42 23 29 24 28 21
47x43: 31 37 38 33 31 39
49x48: 66 66 55 63 57 55
43x47: 29 36 22 36 45 42
35x49: 24 39 32 23 27 30
46x45: 48 41 32 39 30 34
49x49: 46 47 46 36 43 37
44x43: 28 34 29 38 36 30
47x43: 29 43 35 32 44 27
39x37: 23 29 28 21 27 27
36x47: 43 24 25 24 33 30
37x49: 45 43 42 55 50 46
40x35: 21 27 21 21 26 27
37x43: 27 34 27 30 19 30
49x35: 27 34 30 25 20 39
41x42: 45 44 44 44 42 46
39x40: 28 39 47 43 48 37
38x35: 25 22 15 25 14 30
44x35: 21 26 27 20 30 30
42x42: 39 45 33 56 53 47
49x35: 33 26 39 21 24 33
49x49: 55 65 58 65 70 57
37x45: 39 49 44 40 46 38
41x43: 38 33 30 29 27 25
43x49: 36 36 37 41 40 33
36x46: 33 26 26 20 39 35
49x43: 34 31 47 37 41 33
41x41: 46 40 43 47 43 41
39x40: 43 37 41 42 41 37
46x39: 53 48 50 40 38 46
47x49: 78 50 47 56 58 63
38x42: 35 32 45 53 44 41
46x46: 35 43 37 29 47 34
47x47: 49 54 58 56 62 61
49x43: 51 45 66 61 49 56
41x42: 54 45 40 46 43 37
48x38: 25 29 33 33 44 28
41x50: 40 37 31 35 33 32
39x49: 39 26 41 24 41 37
43x36: 31 30 24 31 24 28
40x41: 33 46 46 56 40 36
48x49: 66 64 50 62 60 59
43x46: 33 37 31 44 31 34
38x49: 24 34 34 30 34 35
38x47: 29 28 35 34 26 28
42x42: 33 40 24 31 31 37
43x41: 45 37 50 51 47 44
37x50: 46 45 62 37 57 37
37x43: 36 41 29 46 50 43
38x50: 54 50 52 48 42 47
44x41: 26 31 23 35 33 33
48x46: 39 60 62 61 60 60
40x35: 36 39 33 39 39 30
46x45: 44 59 55 60 48 55
40x37: 26 13 26 31 28 31
40x35: 32 37 33 32 47 33
36x47: 35 51 41 50 44 41
43x35: 28 14 30 28 24 30
39x50: 43 50 51 48 47 61
41x41: 28 26 30 24 25 36
42x46: 37 30 33 36 41 32
41x44: 55 49 44 34 55 37
41x38: 37 42 31 51 46 35
44x38: 26 29 26 32 30 25
47x44: 51 55 45 59 51 58
41x38: 25 26 27 28 23 26
50x50: 60 65 61 59 79 59
49x36: 25 36 33 34 22 41
41x38: 38 42 47 33 36 43
42x43: 55 41 43 41 50 46
46x41: 34 36 38 26 24 37
47x39: 56 42 43 45 50 45
43x48: 67 47 42 55 51 55
35x46: 36 41 53 39 41 39
41x45: 46 47 45 45 56 44
45x42: 49 38 43 47 49 64
50x45: 43 39 36 40 50 31
40x49: 50 58 43 55 54 42
38x44: 44 29 48 46 44 48
48x47: 43 34 41 48 42 31
39x45: 33 36 31 32 29 34
37x37: 18 26 25 17 27 30
50x41: 26 41 34 35 37 34
44x39: 30 28 33 32 33 25
42x47: 46 46 56 69 47 46
47x46: 42 33 42 27 43 37
47x38: 35 29 30 25 29 31
40x39: 35 23 26 26 25 33
44x36: 49 48 33 45 37 32
40x48: 48 30 59 56 59 47
39x45: 39 42 49 52 50 41
48x46: 42 38 34 37 45 44
48x41: 47 53 58 50 53 43
48x39: 39 43 45 41 50 68
36x46: 39 40 47 40 55 34
45x46: 44 61 60 51 59 44
44x42: 21 38 32 34 38 32
38x46: 62 43 39 33 48 40
35x36: 35 31 33 31 23 41
45x38: 43 35 50 46 52 39
48x39: 29 38 25 41 36 38
36x40: 35 39 46 29 35 37
35x48: 37 36 29 20 23 31
36x37: 31 40 36 26 33 37
41x39: 31 21 29 34 23 30
35x44: 31 45 41 35 48 36
43x36: 43 43 37 39 34 42
35x44: 27 25 24 29 25 23
45x49: 39 35 35 41 36 54
47x36: 45 45 57 34 37 42
49x44: 52 54 59 68 48 55
38x35: 29 30 32 35 36 43
36x35: 42 41 21 30 26 32
49x50: 47 40 42 52 36 38
45x35: 24 25 32 26 23 34
44x46: 66 50 43 44 54 51
40x36: 35 43 27 42 31 44
40x35: 42 35 43 30 29 36
36x39: 28 26 27 24 23 28
37x50: 35 51 47 58 52 45
46x39: 39 33 34 30 32 27
38x39: 22 27 32 24 25 25
35x50: 43 46 45 43 44 48
48x46: 40 39 40 48 36 37
39x50: 56 45 53 44 54 47
47x45: 37 29 38 39 44 37
50x41: 60 49 48 49 52 56
49x43: 30 37 41 43 36 36
38x42: 32 31 24 27 27 27
40x41: 31 27 27 25 33 25
50x48: 48 30 42 44 51 40
47x50: 41 33 32 54 44 36
45x45: 38 33 38 30 49 36
49x47: 60 51 68 66 63 50
41x36: 33 38 52 29 34 41
45x46: 40 36 48 28 35 37
44x50: 26 42 26 50 39 40
36x46: 43 35 50 38 47 42
49x47: 66 51 51 61 73 52
36x37: 35 37 39 31 30 33
47x41: 35 23 37 26 35 38
46x37: 30 32 31 28 27 31
41x47: 34 30 32 33 31 34
50x36: 56 50 37 39 50 42
48x47: 54 53 58 63 61 60
35x39: 26 39 32 32 47 33
40x48: 32 32 41 30 36 36
44x43: 52 59 44 42 49 43
41x46: 60 43 34 51 54 47
49x49: 72 60 51 51 65 66
43x50: 39 35 47 30 28 44
37x46: 37 30 32 28 28 24
44x50: 41 41 48 34 30 30
39x43: 52 38 46 48 40 36
48x47: 75 55 58 53 50 55
45x42: 35 30 34 46 36 28
45x38: 38 25 29 31 23 34
45x43: 27 38 40 27 41 36
50x38: 57 47 49 54 53 34
38x40: 42 46 37 32 46 29
49x48: 43 39 36 57 48 33
35x40: 24 41 51 40 37 26
42x46: 31 25 33 42 43 36
42x41: 46 52 40 46 40 41
42x48: 57 52 53 53 48 48
45x42: 45 49 43 55 54 46
46x48: 55 58 57 63 59 50
40x35: 23 24 18 21 28 28
46x45: 38 37 33 49 37 30
50x50: 47 34 42 43 50 39
48x40: 26 45 31 33 43 30
44x37: 38 39 39 37 41 55
44x41: 39 26 32 23 25 36
49x35: 33 46 51 43 50 42
35x41: 42 32 40 38 31 39
50x41: 57 58 43 55 55 47
47x48: 41 49 33 30 50 37
36x41: 34 52 32 40 48 21
48x48: 48 59 63 62 60 64
39x35: 31 25 44 36 31 45
48x44: 33 38 40 35 33 44
37x47: 53 47 49 50 43 28
45x49: 55 65 51 43 52 69
49x37: 42 42 59 43 50 44
44x37: 50 39 51 41 33 38
40x47: 36 29 31 34 30 34
42x36: 38 35 36 40 33 51
45x45: 38 31 32 46 42 35
35x37: 34 32 35 24 38 34
48x49: 52 64 61 77 59 54
48x39: 38 54 54 44 53 45
50x36: 48 45 45 57 45 40
40x39: 36 40 35 48 34 49
42x39: 34 33 23 26 30 35
41x43: 32 23 32 33 33 28
39x48: 30 29 36 40 38 34
35x43: 46 31 39 36 51 28
39x41: 46 38 41 47 36 40
50x44: 45 50 60 62 64 60
47x46: 57 48 71 52 45 61
40x38: 33 37 40 35 40 48
41x40: 24 26 26 32 30 31
43x44: 55 56 45 46 40 48
43x44: 36 32 32 22 31 43
35x45: 41 28 47 32 53 40
38x49: 48 40 55 45 47 52
36x41: 41 42 30 40 26 48
50x38: 68 53 47 48 35 41
43x39: 42 39 43 46 43 46
42x36: 26 27 35 27 23 30
37x50: 26 33 39 24 31 38
50x35: 29 24 41 28 30 23
47x43: 30 32 35 34 34 44
36x48: 44 44 39 43 45 50
50x40: 33 25 33 40 35 42
36x35: 30 31 32 28 36 36
42x39: 36 52 40 32 40 49
49x48: 72 59 68 60 52 52
47x42: 53 65 47 46 42 49
50x38: 43 49 46 44 56 53
36x35: 22 29 19 14 22 25
35x45: 50 42 51 37 37 26
49x48: 63 61 64 55 59 59
47x47: 51 60 64 70 42 58